15
19
129
238
257
280
346
530
550
603
639
642
678
770
862
910
935
963
996
1358
1364
1403
1682
1689
1691
1722
1831
1842
2003
2077
2078
2079
2098
2139
2493
2594
2861
3053
3082
3114
3122
3162
3469
4274
4781
4890
4926
5072
5259
5319
6072
6171
7182
7274
7735
8290
8357
8981
9260
9438
9499
9552
9574
9930
10020
10264
10625
10695
10723
10907
11224
11297
11504
11697
12721
12724
13064
13076
13153
13259
13291
13293
13409
13678
13707
13965
14005
14435
14443
14495
14609
14613
14830
14834
15043
15227
15257
15696
16096
16166
16605
16900
16919
17127
17205
17386
17445
17452
17593
17692
17736
17920
17938
18147
18148
18506
18704
18735
18943
18975
19014
19209
19344
19497
19545
20092
20324
20442
20604
20842
20873
21294
21410
21882
22452
22855
23388
24092
24264
24331
24527
24675
24789
24837
24959
24960
25506
25661
25678
25748
25994
26011
26162
26177
26230
26483
26495
26688
26702
26811
26865
26935
26964
27067
27145
27263
27270
27320
27376
27412
27449
27504
27642
27644
27662
27764
27767
27816
27836
27850
27861
27862
27964
27994
28039
28148
28170
28180
28213
28248
28345
28346
28410
28438
28455
28770
28784
28848
28850
28914
29052
29067
29394
29473
29493
29904
29937
29966
29982
30054
30633
30644
30675
30885
30929
31118
31254
31293
31347
31512
31579
31611
31615
31619
31623
31624
31638
31640
31642
31651
31652
31805
31875
32569
32887
33468
33813
34650
34766
35144
35203
35215
35954
36217
36233
36275
36344
36376
36527
36592
36609
36633
36709
36724
36762
36796
36799
37463
37481
37842
37901
38141
38147
38148
38505
38750
38823
39113
39225
39306
39387
39448
39557
39855
39867
39913
40059
40221
40231
40258
40471
40620
40649
40715
41099
41184
41276
41291
41613
42627
42655
42659
42710
42712
42718
42793
42970
42998
43014
43109
43135
43324
43346
43430
43515
43604
43811
43841
43940
43967
43993
44098
44125
44321
44542
44548
44579
44592
45000
45096
45202
45213
45533
45726
45736
45793
45967
46148
46691
47105
47312
47345
47352
47453
47907
48300
48311
48554
48561
48591
48954
48992
49163
49508
49798
49804
49842
50536
50554
50560
50566
50569
50578
50697
50799
50926
51270
51394
51549
51956
52991
53190
53321
53416
53418
53569
53712
53847
54195
54266
54276
54277
54306
54307
54801
55236
55238
55240
55269
55628
55689
55771
56135
56143
56153
56251
56353
56544
56801
57448
57635
57693
57741
57859
58007
58358
59354
59356
59820
60181
60389
60392
60477
61202
61245
61262
61280
61296
61337
61369
61370
61405
61416
61430
61433
61461
61475
61485
61564
62547
62843
63046
63230
63320
63340
63360
63686
63702
64655
64900
65156
65513
67342
67394
67568
67809
68347
68365
68368
68569
68721
70327
70345
70846
70872
72015
72016
72079
72338
72613
73154
73218
73532
73565
73907
74241
74753
75253
75780
75795
76144
76216
76341
76729
78480
79017
79090
79401
79761
79827
80115
80310
80343
80368
80577
81041
81469
81831
82079
82299
82567
82595
83595
83653
84058
84140
84196
84275
84289
84535
84656
84713
84728
85203
85264
85284
85550
85692
85747
85780
86193
86217
86261
86262
86300
86303
86446
86990
87065
87156
87451
87469
87788
88527
88633
88950
90616
91390
92562
92667
93181
93525
93562
95134
95220
95414
95949
95966
96250
96389
97008
97554
97942
98271
98477
98487
99189
100205
100257
103016
103165
103620
103717
103753
103956
104528
105077
106294
106747
107494
107745
107846
109332
109667
109881
110004
110433
112481
112842
114030
114638
115685
116960
117212
117825
120933
121135
121803
123281
123396
124107
124472
124632
125316
125413
125556
125891
127082
127688
127808
128140
128206
128678
130915
132263
133694
134288
134362
139466
139862
142132
142918
143128
143192
143970
144825
145561
146446
146640
146759
147084
147525
149608
149837
149955
151043
151731
152581
154515
154879
156527
158936
159000
160075
161392
161915
163969
164439
165058
165563
167124
167494
168595
173129
175041
175528
176294
177032
177239
178522
181864
190945
192143
193662
194507
196253
198357
201283
202132
204398
204948
208028
210808
211579
214075
214083
215776
217268
217316
222209
222773
229346
231801
238031
241944
244810
245684
246449
247426
249415
249929
252511
254054
257445
259838
261231
261680
263937
267192
273281
273899
277176
277388
277713
279641
279874
281232
281728
282220
285857
285923
290595
291435
292674
295737
306964
314725
317309
318224
319067
319287
322334
335512
338025
338127
340402
341158
341366
344797
353464
355131
364169
372226
373442
373472
374111
374251
374315
377154
385819
386038
387962
394253
395479
397981
399031
399100
400020
402199
410114
410678
413518
417257
419192
424480
432507
432851
432976
432979
433174
434773
437557
442293
443141
443937
447749
451957
452166
458793
464124
465171
466565
473021
473208
474104
474569
475132
476275
478946
481848
485504
485612
488445
490795
491052
493099
502406
508664
513178
529946
531819
532908
535550
535581
536841
546554
552835
565357
581791
606856
618162
618265
619354
630824
661374
664423
670428
675598
692982
698818
704205
729779
743304
766507
811933
820517
820912
830488
855823
856369
876794
949075
975956
994994
1035090
1054757
1094663
1175201
1220995
1237681
1251838
1259032
1282378
1425829
1434256
1481801
1514977